Index: 53802
Latitude: 59.898925580960245
Longitude: 30.410745156481013
Category: smokestack
